 100  0.000000
 200  0.000000
 300  0.000000
 400  0.000000
 500  0.000000
 600  -35982206469911781000000000000000000000000000000000000000000000000000000000000000000000000000.000000
 700  0.000000
 800  0.000000
 900  0.000000
 1000  0.000000
 1100  0.000000
 1200  0.000000
 1300  0.000000
 1400  0.000000
 1500  0.000000
 1600  -35982206469911781000000000000000000000000000000000000000000000000000000000000000000000000000.000000
 1700  0.000000
 1800  -35982206469911781000000000000000000000000000000000000000000000000000000000000000000000000000.000000
 1900  0.000000
 2000  -35982206469911781000000000000000000000000000000000000000000000000000000000000000000000000000.000000
 2100  0.000000
 2200  -35982206469911781000000000000000000000000000000000000000000000000000000000000000000000000000.000000
 2300  -35982206469911781000000000000000000000000000000000000000000000000000000000000000000000000000.000000
 2400  0.000000
 2500  -35982206469911781000000000000000000000000000000000000000000000000000000000000000000000000000.000000
 2600  -35982206469911781000000000000000000000000000000000000000000000000000000000000000000000000000.000000
 2700  0.000000
 2800  0.000000
 2900  0.000000
 3000  -35982206469911781000000000000000000000000000000000000000000000000000000000000000000000000000.000000
 3100  0.000000
 3200  0.000000
 3300  -35982206469911781000000000000000000000000000000000000000000000000000000000000000000000000000.000000
 3400  0.000000
 3500  0.000000
 3600  -35982206469911781000000000000000000000000000000000000000000000000000000000000000000000000000.000000
 3700  0.000000
 3800  -35982206469911781000000000000000000000000000000000000000000000000000000000000000000000000000.000000
 3900  -35982206469911781000000000000000000000000000000000000000000000000000000000000000000000000000.000000
 4000  0.000000
 4100  -35982206469911781000000000000000000000000000000000000000000000000000000000000000000000000000.000000
 4200  -35982206469911781000000000000000000000000000000000000000000000000000000000000000000000000000.000000
 4300  0.000000
 4400  -35982206469911781000000000000000000000000000000000000000000000000000000000000000000000000000.000000
 4500  -35982206469911781000000000000000000000000000000000000000000000000000000000000000000000000000.000000
 4600  -35982206469911781000000000000000000000000000000000000000000000000000000000000000000000000000.000000
 4700  0.000000
 4800  0.000000
 4900  -0.000000
 5000  19991590273549711000000000000000000000.000000
 5100  -35982206469911781000000000000000000000000000000000000000000000000000000000000000000000000000.000000
 5200  -35982206469911781000000000000000000000000000000000000000000000000000000000000000000000000000.000000
 5300  -35982206469911781000000000000000000000000000000000000000000000000000000000000000000000000000.000000
 5400  -0.000000
 5500  -35982206469911781000000000000000000000000000000000000000000000000000000000000000000000000000.000000
 5600  -35982206469911781000000000000000000000000000000000000000000000000000000000000000000000000000.000000
 5700  0.000000
 5800  -35982206469911781000000000000000000000000000000000000000000000000000000000000000000000000000.000000
 5900  -35982206469911781000000000000000000000000000000000000000000000000000000000000000000000000000.000000
 6000  -35982206469911781000000000000000000000000000000000000000000000000000000000000000000000000000.000000
 6100  -35982206469911781000000000000000000000000000000000000000000000000000000000000000000000000000.000000
 6200  0.000000
 6300  -35982206469911781000000000000000000000000000000000000000000000000000000000000000000000000000.000000
 6400  0.000000
 6500  19991590273549711000000000000000000000.000000
 6600  -35982206469911781000000000000000000000000000000000000000000000000000000000000000000000000000.000000
 6700  0.000000
 6800  -0.000000
 6900  -35982206469911781000000000000000000000000000000000000000000000000000000000000000000000000000.000000
 7000  -35982206469911781000000000000000000000000000000000000000000000000000000000000000000000000000.000000
 7100  0.000000
 7200  0.000000
 7300  0.000000
 7400  -35982206469911781000000000000000000000000000000000000000000000000000000000000000000000000000.000000
 7500  0.000000
 7600  -35982206469911781000000000000000000000000000000000000000000000000000000000000000000000000000.000000
 7700  0.000000
 7800  -35982206469911781000000000000000000000000000000000000000000000000000000000000000000000000000.000000
 7900  0.000000
 8000  0.000000
 8100  -35982206469911781000000000000000000000000000000000000000000000000000000000000000000000000000.000000
 8200  0.000000
 8300  -35982206469911781000000000000000000000000000000000000000000000000000000000000000000000000000.000000
 8400  0.000000
 8500  -35982206469911781000000000000000000000000000000000000000000000000000000000000000000000000000.000000
 8600  0.000000
 8700  -0.000000
 8800  -35982206469911781000000000000000000000000000000000000000000000000000000000000000000000000000.000000
 8900  -35982206469911781000000000000000000000000000000000000000000000000000000000000000000000000000.000000
 9000  0.000000
 9100  -35982206469911781000000000000000000000000000000000000000000000000000000000000000000000000000.000000
 9200  -35982206469911781000000000000000000000000000000000000000000000000000000000000000000000000000.000000
 9300  0.000000
 9400  -0.000000
 9500  -35982206469911781000000000000000000000000000000000000000000000000000000000000000000000000000.000000
 9600  -35982206469911781000000000000000000000000000000000000000000000000000000000000000000000000000.000000
 9700  0.000000
 9800  0.000000
 9900  -35982206469911781000000000000000000000000000000000000000000000000000000000000000000000000000.000000
 10000  -35982206469911781000000000000000000000000000000000000000000000000000000000000000000000000000.000000
 10100  -35982206469911781000000000000000000000000000000000000000000000000000000000000000000000000000.000000
 10200  -35982206469911781000000000000000000000000000000000000000000000000000000000000000000000000000.000000
 10300  -35982206469911781000000000000000000000000000000000000000000000000000000000000000000000000000.000000
 10400  -35982206469911781000000000000000000000000000000000000000000000000000000000000000000000000000.000000
 10500  0.000000
 10600  0.000000
 10700  -35982206469911781000000000000000000000000000000000000000000000000000000000000000000000000000.000000
 10800  -35982206469911781000000000000000000000000000000000000000000000000000000000000000000000000000.000000
 10900  -35982206469911781000000000000000000000000000000000000000000000000000000000000000000000000000.000000
 11000  -35982206469911781000000000000000000000000000000000000000000000000000000000000000000000000000.000000
 11100  -35982206469911781000000000000000000000000000000000000000000000000000000000000000000000000000.000000
 11200  -35982206469911781000000000000000000000000000000000000000000000000000000000000000000000000000.000000
 11300  -35982206469911781000000000000000000000000000000000000000000000000000000000000000000000000000.000000
 11400  -35982206469911781000000000000000000000000000000000000000000000000000000000000000000000000000.000000
 11500  0.000000
 11600  0.000000
 11700  -35982206469911781000000000000000000000000000000000000000000000000000000000000000000000000000.000000
 11800  -35982206469911781000000000000000000000000000000000000000000000000000000000000000000000000000.000000
 11900  -35982206469911781000000000000000000000000000000000000000000000000000000000000000000000000000.000000
 12000  -35982206469911781000000000000000000000000000000000000000000000000000000000000000000000000000.000000
 12100  -35982206469911781000000000000000000000000000000000000000000000000000000000000000000000000000.000000
 12200  -35982206469911781000000000000000000000000000000000000000000000000000000000000000000000000000.000000
 12300  -35982206469911781000000000000000000000000000000000000000000000000000000000000000000000000000.000000
 12400  -35982206469911781000000000000000000000000000000000000000000000000000000000000000000000000000.000000
 12500  -35982206469911781000000000000000000000000000000000000000000000000000000000000000000000000000.000000
 12600  -35982206469911781000000000000000000000000000000000000000000000000000000000000000000000000000.000000
 12700  -35982206469911781000000000000000000000000000000000000000000000000000000000000000000000000000.000000
 12800  -35982206469911781000000000000000000000000000000000000000000000000000000000000000000000000000.000000
 12900  -35982206469911781000000000000000000000000000000000000000000000000000000000000000000000000000.000000
 13000  -35982206469911781000000000000000000000000000000000000000000000000000000000000000000000000000.000000
 13100  -35982206469911781000000000000000000000000000000000000000000000000000000000000000000000000000.000000
 13200  -0.000000
 13300  -35982206469911781000000000000000000000000000000000000000000000000000000000000000000000000000.000000
 13400  -0.000000
 13500  -35982206469911781000000000000000000000000000000000000000000000000000000000000000000000000000.000000
 13600  -35982206469911781000000000000000000000000000000000000000000000000000000000000000000000000000.000000
 13700  -35982206469911781000000000000000000000000000000000000000000000000000000000000000000000000000.000000
 13800  -35982206469911781000000000000000000000000000000000000000000000000000000000000000000000000000.000000
 13900  -0.000000
 14000  -35982206469911781000000000000000000000000000000000000000000000000000000000000000000000000000.000000
 14100  -0.000000
 14200  -35982206469911781000000000000000000000000000000000000000000000000000000000000000000000000000.000000
 14300  -35982206469911781000000000000000000000000000000000000000000000000000000000000000000000000000.000000
 14400  -35982206469911781000000000000000000000000000000000000000000000000000000000000000000000000000.000000
 14500  19991590273549711000000000000000000000.000000
 14600  19991590273549711000000000000000000000.000000
 14700  -35982206469911781000000000000000000000000000000000000000000000000000000000000000000000000000.000000
 14800  0.000000
 14900  -35982206469911781000000000000000000000000000000000000000000000000000000000000000000000000000.000000
 15000  -35982206469911781000000000000000000000000000000000000000000000000000000000000000000000000000.000000
 15100  -35982206469911781000000000000000000000000000000000000000000000000000000000000000000000000000.000000
 15200  19991590273549711000000000000000000000.000000
 15300  -35982206469911781000000000000000000000000000000000000000000000000000000000000000000000000000.000000
 15400  -35982206469911781000000000000000000000000000000000000000000000000000000000000000000000000000.000000
 15500  -35982206469911781000000000000000000000000000000000000000000000000000000000000000000000000000.000000
 15600  -35982206469911781000000000000000000000000000000000000000000000000000000000000000000000000000.000000
 15700  -0.000000
 15800  19991590273549711000000000000000000000.000000
 15900  -35982206469911781000000000000000000000000000000000000000000000000000000000000000000000000000.000000
 16000  -35982206469911781000000000000000000000000000000000000000000000000000000000000000000000000000.000000
 16100  -35982206469911781000000000000000000000000000000000000000000000000000000000000000000000000000.000000
 16200  -35982206469911781000000000000000000000000000000000000000000000000000000000000000000000000000.000000
 16300  -35982206469911781000000000000000000000000000000000000000000000000000000000000000000000000000.000000
 16400  -0.000000
 16500  -35982206469911781000000000000000000000000000000000000000000000000000000000000000000000000000.000000
 16600  -0.000000
 16700  -35982206469911781000000000000000000000000000000000000000000000000000000000000000000000000000.000000
 16800  -35982206469911781000000000000000000000000000000000000000000000000000000000000000000000000000.000000
 16900  -35982206469911781000000000000000000000000000000000000000000000000000000000000000000000000000.000000
 17000  -35982206469911781000000000000000000000000000000000000000000000000000000000000000000000000000.000000
 17100  -35982206469911781000000000000000000000000000000000000000000000000000000000000000000000000000.000000
 17200  -35982206469911781000000000000000000000000000000000000000000000000000000000000000000000000000.000000
 17300  -35982206469911781000000000000000000000000000000000000000000000000000000000000000000000000000.000000
 17400  -35982206469911781000000000000000000000000000000000000000000000000000000000000000000000000000.000000
 17500  -35982206469911781000000000000000000000000000000000000000000000000000000000000000000000000000.000000
 17600  -35982206469911781000000000000000000000000000000000000000000000000000000000000000000000000000.000000
 17700  19991590273549711000000000000000000000.000000
 17800  -35982206469911781000000000000000000000000000000000000000000000000000000000000000000000000000.000000
 17900  -35982206469911781000000000000000000000000000000000000000000000000000000000000000000000000000.000000
 18000  -35982206469911781000000000000000000000000000000000000000000000000000000000000000000000000000.000000
 18100  -0.000000
 18200  -35982206469911781000000000000000000000000000000000000000000000000000000000000000000000000000.000000
 18300  -0.000000
 18400  -35982206469911781000000000000000000000000000000000000000000000000000000000000000000000000000.000000
 18500  -0.000000
 18600  -35982206469911781000000000000000000000000000000000000000000000000000000000000000000000000000.000000
 18700  -0.000000
 18800  -35982206469911781000000000000000000000000000000000000000000000000000000000000000000000000000.000000
 18900  -35982206469911781000000000000000000000000000000000000000000000000000000000000000000000000000.000000
 19000  -35982206469911781000000000000000000000000000000000000000000000000000000000000000000000000000.000000
 19100  -35982206469911781000000000000000000000000000000000000000000000000000000000000000000000000000.000000
 19200  0.000000
 19300  -35982206469911781000000000000000000000000000000000000000000000000000000000000000000000000000.000000
 19400  -0.000000
 19500  -0.000000
 19600  -35982206469911781000000000000000000000000000000000000000000000000000000000000000000000000000.000000
 19700  -0.000000
 19800  -35982206469911781000000000000000000000000000000000000000000000000000000000000000000000000000.000000
 19900  -0.000000
 20000  -0.000000
 20100  -35982206469911781000000000000000000000000000000000000000000000000000000000000000000000000000.000000
 20200  -0.000000
 20300  0.000000
 20400  -35982206469911781000000000000000000000000000000000000000000000000000000000000000000000000000.000000
 20500  -0.000000
 20600  -0.000000
 20700  0.000000
 20800  -0.000000
 20900  0.000000
 21000  -35982206469911781000000000000000000000000000000000000000000000000000000000000000000000000000.000000
 21100  19991590273549711000000000000000000000.000000
 21200  19991590273549711000000000000000000000.000000
 21300  0.000000
 21400  -0.000000
 21500  19991590273549711000000000000000000000.000000
 21600  -0.000000
 21700  -0.000000
 21800  -0.000000
 21900  0.000000
 22000  -35982206469911781000000000000000000000000000000000000000000000000000000000000000000000000000.000000
 22100  -35982206469911781000000000000000000000000000000000000000000000000000000000000000000000000000.000000
 22200  -0.000000
 22300  0.000000
 22400  -0.000000
 22500  -0.000000
 22600  -35982206469911781000000000000000000000000000000000000000000000000000000000000000000000000000.000000
 22700  0.000000
 22800  0.000000
 22900  -35982206469911781000000000000000000000000000000000000000000000000000000000000000000000000000.000000
 23000  -0.000000
 23100  0.000000
 23200  -0.000000
 23300  0.000000
 23400  -35982206469911781000000000000000000000000000000000000000000000000000000000000000000000000000.000000
 23500  0.000000
 23600  19991590273549711000000000000000000000.000000
 23700  0.000000
 23800  -0.000000
 23900  -0.000000
 24000  -35982206469911781000000000000000000000000000000000000000000000000000000000000000000000000000.000000
 24100  0.000000
 24200  0.000000
 24300  -0.000000
 24400  0.000000
 24500  19991590273549711000000000000000000000.000000
 24600  0.000000
 24700  -0.000000
 24800  -0.000000
 24900  0.000000
 25000  -0.000000
 25100  -0.000000
 25200  -0.000000
 25300  19991590273549711000000000000000000000.000000
 25400  -35982206469911781000000000000000000000000000000000000000000000000000000000000000000000000000.000000
 25500  -0.000000
 25600  -35982206469911781000000000000000000000000000000000000000000000000000000000000000000000000000.000000
 25700  -0.000000
 25800  19991590273549711000000000000000000000.000000
 25900  -35982206469911781000000000000000000000000000000000000000000000000000000000000000000000000000.000000
 26000  -0.000000
 26100  -35982206469911781000000000000000000000000000000000000000000000000000000000000000000000000000.000000
 26200  -0.000000
 26300  -0.000000
 26400  0.000000
 26500  -35982206469911781000000000000000000000000000000000000000000000000000000000000000000000000000.000000
 26600  -0.000000
 26700  19991590273549711000000000000000000000.000000
 26800  -35982206469911781000000000000000000000000000000000000000000000000000000000000000000000000000.000000
 26900  -35982206469911781000000000000000000000000000000000000000000000000000000000000000000000000000.000000
 27000  0.000000
 27100  -35982206469911781000000000000000000000000000000000000000000000000000000000000000000000000000.000000
 27200  -35982206469911781000000000000000000000000000000000000000000000000000000000000000000000000000.000000
 27300  0.000000
 27400  -0.000000
 27500  -35982206469911781000000000000000000000000000000000000000000000000000000000000000000000000000.000000
 27600  -0.000000
 27700  -35982206469911781000000000000000000000000000000000000000000000000000000000000000000000000000.000000
 27800  0.000000
 27900  -35982206469911781000000000000000000000000000000000000000000000000000000000000000000000000000.000000
 28000  -0.000000
 28100  0.000000
 28200  -35982206469911781000000000000000000000000000000000000000000000000000000000000000000000000000.000000
 28300  -35982206469911781000000000000000000000000000000000000000000000000000000000000000000000000000.000000
 28400  -35982206469911781000000000000000000000000000000000000000000000000000000000000000000000000000.000000
 28500  0.000000
 28600  19991590273549711000000000000000000000.000000
 28700  0.000000
 28800  -35982206469911781000000000000000000000000000000000000000000000000000000000000000000000000000.000000
 28900  0.000000
 29000  -0.000000
 29100  -0.000000
 29200  -35982206469911781000000000000000000000000000000000000000000000000000000000000000000000000000.000000
 29300  0.000000
 29400  -0.000000
 29500  0.000000
 29600  -0.000000
 29700  19991590273549711000000000000000000000.000000
 29800  19991590273549711000000000000000000000.000000
 29900  -0.000000
 30000  -0.000000
 30100  -0.000000
 30200  19991590273549711000000000000000000000.000000
 30300  -0.000000
 30400  -0.000000
 30500  19991590273549711000000000000000000000.000000
 30600  -0.000000
 30700  -35982206469911781000000000000000000000000000000000000000000000000000000000000000000000000000.000000
 30800  -35982206469911781000000000000000000000000000000000000000000000000000000000000000000000000000.000000
 30900  -0.000000
 31000  19991590273549711000000000000000000000.000000
 31100  -0.000000
 31200  -0.000000
 31300  0.000000
 31400  0.000000
 31500  -35982206469911781000000000000000000000000000000000000000000000000000000000000000000000000000.000000
 31600  -0.000000
 31700  -0.000000
 31800  -0.000000
 31900  -0.000000
 32000  19991590273549711000000000000000000000.000000
 32100  -0.000000
 32200  -0.000000
 32300  19991590273549711000000000000000000000.000000
 32400  -0.000000
 32500  -0.000000
 32600  -35982206469911781000000000000000000000000000000000000000000000000000000000000000000000000000.000000
 32700  -35982206469911781000000000000000000000000000000000000000000000000000000000000000000000000000.000000
 32800  -0.000000
 32900  -0.000000
 33000  19991590273549711000000000000000000000.000000
 33100  -35982206469911781000000000000000000000000000000000000000000000000000000000000000000000000000.000000
 33200  19991590273549711000000000000000000000.000000
 33300  19991590273549711000000000000000000000.000000
 33400  -0.000000
 33500  -0.000000
 33600  19991590273549711000000000000000000000.000000
 33700  -0.000000
 33800  0.000000
 33900  -35982206469911781000000000000000000000000000000000000000000000000000000000000000000000000000.000000
 34000  -0.000000
 34100  19991590273549711000000000000000000000.000000
 34200  0.000000
 34300  19991590273549711000000000000000000000.000000
 34400  0.000000
 34500  19991590273549711000000000000000000000.000000
 34600  -0.000000
 34700  1555798688429009700000000000000000000000000000000000000000000000000000000000000000000000000000000000000000000000000000000000000000000000000000000000000000000000000000000000000000000000000000000000000000000000000000000000000000000000000000000000000000000000000000000.000000
 34800  -0.000000
 34900  19991590273549711000000000000000000000.000000
 35000  -0.000000
 35100  19991590273549711000000000000000000000.000000
 35200  19991590273549711000000000000000000000.000000
 35300  0.000000
 35400  0.000000
 35500  -0.000000
 35600  -0.000000
 35700  0.000000
 35800  0.000000
 35900  19991590273549711000000000000000000000.000000
 36000  19991590273549711000000000000000000000.000000
 36100  0.000000
 36200  19991590273549711000000000000000000000.000000
 36300  -0.000000
 36400  -0.000000
 36500  -0.000000
 36600  1555798688429009700000000000000000000000000000000000000000000000000000000000000000000000000000000000000000000000000000000000000000000000000000000000000000000000000000000000000000000000000000000000000000000000000000000000000000000000000000000000000000000000000000000.000000
 36700  0.000000
 36800  -0.000000
 36900  0.000000
 37000  0.000000
 37100  0.000000
 37200  1555798688429009700000000000000000000000000000000000000000000000000000000000000000000000000000000000000000000000000000000000000000000000000000000000000000000000000000000000000000000000000000000000000000000000000000000000000000000000000000000000000000000000000000000.000000
 37300  -0.000000
 37400  -0.000000
 37500  0.000000
 37600  1555798688429009700000000000000000000000000000000000000000000000000000000000000000000000000000000000000000000000000000000000000000000000000000000000000000000000000000000000000000000000000000000000000000000000000000000000000000000000000000000000000000000000000000000.000000
 37700  -0.000000
 37800  0.000000
 37900  -867922223097221220000000000000000000000000000000000000000000000000000000000000000000000000000000000000000000000000000000000000000000000000000000000000000000000000000000000000000000000000000000000000000000000000.000000
 38000  0.000000
 38100  0.000000
 38200  0.000000
 38300  -867922223097221220000000000000000000000000000000000000000000000000000000000000000000000000000000000000000000000000000000000000000000000000000000000000000000000000000000000000000000000000000000000000000000000000.000000
 38400  -0.000000
 38500  -0.000000
 38600  -0.000000
 38700  -0.000000
 38800  0.000000
 38900  0.000000
 39000  -0.000000
 39100  0.000000
 39200  0.000000
 39300  0.000000
 39400  -867922223097221220000000000000000000000000000000000000000000000000000000000000000000000000000000000000000000000000000000000000000000000000000000000000000000000000000000000000000000000000000000000000000000000000.000000
 39500  0.000000
 39600  -0.000000
 39700  1555798688429009700000000000000000000000000000000000000000000000000000000000000000000000000000000000000000000000000000000000000000000000000000000000000000000000000000000000000000000000000000000000000000000000000000000000000000000000000000000000000000000000000000000.000000
 39800  -867922223097221220000000000000000000000000000000000000000000000000000000000000000000000000000000000000000000000000000000000000000000000000000000000000000000000000000000000000000000000000000000000000000000000000.000000
 39900  -0.000000
 40000  0.000000
 40100  19991590273549711000000000000000000000.000000
 40200  -0.000000
 40300  0.000000
 40400  1555798688429009700000000000000000000000000000000000000000000000000000000000000000000000000000000000000000000000000000000000000000000000000000000000000000000000000000000000000000000000000000000000000000000000000000000000000000000000000000000000000000000000000000000.000000
 40500  -0.000000
 40600  0.000000
 40700  19991590273549711000000000000000000000.000000
 40800  -0.000000
 40900  1555798688429009700000000000000000000000000000000000000000000000000000000000000000000000000000000000000000000000000000000000000000000000000000000000000000000000000000000000000000000000000000000000000000000000000000000000000000000000000000000000000000000000000000000.000000
 41000  -867922223097221220000000000000000000000000000000000000000000000000000000000000000000000000000000000000000000000000000000000000000000000000000000000000000000000000000000000000000000000000000000000000000000000000.000000
 41100  0.000000
 41200  -0.000000
 41300  1555798688429009700000000000000000000000000000000000000000000000000000000000000000000000000000000000000000000000000000000000000000000000000000000000000000000000000000000000000000000000000000000000000000000000000000000000000000000000000000000000000000000000000000000.000000
 41400  -0.000000
 41500  0.000000
 41600  -0.000000
 41700  -0.000000
 41800  1555798688429009700000000000000000000000000000000000000000000000000000000000000000000000000000000000000000000000000000000000000000000000000000000000000000000000000000000000000000000000000000000000000000000000000000000000000000000000000000000000000000000000000000000.000000
 41900  -0.000000
 42000  0.000000
 42100  1555798688429009700000000000000000000000000000000000000000000000000000000000000000000000000000000000000000000000000000000000000000000000000000000000000000000000000000000000000000000000000000000000000000000000000000000000000000000000000000000000000000000000000000000.000000
 42200  -867922223097221220000000000000000000000000000000000000000000000000000000000000000000000000000000000000000000000000000000000000000000000000000000000000000000000000000000000000000000000000000000000000000000000000.000000
 42300  19991590273549711000000000000000000000.000000
 42400  1555798688429009700000000000000000000000000000000000000000000000000000000000000000000000000000000000000000000000000000000000000000000000000000000000000000000000000000000000000000000000000000000000000000000000000000000000000000000000000000000000000000000000000000000.000000
 42500  0.000000
 42600  9711859152946058000000000000000000000000000000000000000000000000000000000000000000000000000000000000000000000000000000000000000000000000000000000000000000000000000000000000000000000000000000000000000000000.000000
 42700  1555798688429009700000000000000000000000000000000000000000000000000000000000000000000000000000000000000000000000000000000000000000000000000000000000000000000000000000000000000000000000000000000000000000000000000000000000000000000000000000000000000000000000000000000.000000
 42800  -0.000000
 42900  19991590273549711000000000000000000000.000000
 43000  9711859152946058000000000000000000000000000000000000000000000000000000000000000000000000000000000000000000000000000000000000000000000000000000000000000000000000000000000000000000000000000000000000000000000.000000
 43100  1555798688429009700000000000000000000000000000000000000000000000000000000000000000000000000000000000000000000000000000000000000000000000000000000000000000000000000000000000000000000000000000000000000000000000000000000000000000000000000000000000000000000000000000000.000000
 43200  -867922223097221220000000000000000000000000000000000000000000000000000000000000000000000000000000000000000000000000000000000000000000000000000000000000000000000000000000000000000000000000000000000000000000000000.000000
 43300  1555798688429009700000000000000000000000000000000000000000000000000000000000000000000000000000000000000000000000000000000000000000000000000000000000000000000000000000000000000000000000000000000000000000000000000000000000000000000000000000000000000000000000000000000.000000
 43400  -867922223097221220000000000000000000000000000000000000000000000000000000000000000000000000000000000000000000000000000000000000000000000000000000000000000000000000000000000000000000000000000000000000000000000000.000000
 43500  1555798688429009700000000000000000000000000000000000000000000000000000000000000000000000000000000000000000000000000000000000000000000000000000000000000000000000000000000000000000000000000000000000000000000000000000000000000000000000000000000000000000000000000000000.000000
 43600  0.000000
 43700  0.000000
 43800  0.000000
 43900  1555798688429009700000000000000000000000000000000000000000000000000000000000000000000000000000000000000000000000000000000000000000000000000000000000000000000000000000000000000000000000000000000000000000000000000000000000000000000000000000000000000000000000000000000.000000
 44000  -867922223097221220000000000000000000000000000000000000000000000000000000000000000000000000000000000000000000000000000000000000000000000000000000000000000000000000000000000000000000000000000000000000000000000000.000000
 44100  -0.000000
 44200  -35982206469911781000000000000000000000000000000000000000000000000000000000000000000000000000.000000
 44300  0.000000
 44400  -35982206469911781000000000000000000000000000000000000000000000000000000000000000000000000000.000000
 44500  0.000000
 44600  -0.000000
 44700  1555798688429009700000000000000000000000000000000000000000000000000000000000000000000000000000000000000000000000000000000000000000000000000000000000000000000000000000000000000000000000000000000000000000000000000000000000000000000000000000000000000000000000000000000.000000
 44800  -35982206469911781000000000000000000000000000000000000000000000000000000000000000000000000000.000000
 44900  1555798688429009700000000000000000000000000000000000000000000000000000000000000000000000000000000000000000000000000000000000000000000000000000000000000000000000000000000000000000000000000000000000000000000000000000000000000000000000000000000000000000000000000000000.000000
 45000  -0.000000
 45100  0.000000
 45200  -867922223097221220000000000000000000000000000000000000000000000000000000000000000000000000000000000000000000000000000000000000000000000000000000000000000000000000000000000000000000000000000000000000000000000000.000000
 45300  -867922223097221220000000000000000000000000000000000000000000000000000000000000000000000000000000000000000000000000000000000000000000000000000000000000000000000000000000000000000000000000000000000000000000000000.000000
 45400  -867922223097221220000000000000000000000000000000000000000000000000000000000000000000000000000000000000000000000000000000000000000000000000000000000000000000000000000000000000000000000000000000000000000000000000.000000
 45500  0.000000
 45600  -0.000000
 45700  1555798688429009700000000000000000000000000000000000000000000000000000000000000000000000000000000000000000000000000000000000000000000000000000000000000000000000000000000000000000000000000000000000000000000000000000000000000000000000000000000000000000000000000000000.000000
 45800  1555798688429009700000000000000000000000000000000000000000000000000000000000000000000000000000000000000000000000000000000000000000000000000000000000000000000000000000000000000000000000000000000000000000000000000000000000000000000000000000000000000000000000000000000.000000
 45900  -0.000000
 46000  -867922223097221220000000000000000000000000000000000000000000000000000000000000000000000000000000000000000000000000000000000000000000000000000000000000000000000000000000000000000000000000000000000000000000000000.000000
 46100  -35982206469911781000000000000000000000000000000000000000000000000000000000000000000000000000.000000
 46200  0.000000
 46300  1555798688429009700000000000000000000000000000000000000000000000000000000000000000000000000000000000000000000000000000000000000000000000000000000000000000000000000000000000000000000000000000000000000000000000000000000000000000000000000000000000000000000000000000000.000000
 46400  -0.000000
 46500  -867922223097221220000000000000000000000000000000000000000000000000000000000000000000000000000000000000000000000000000000000000000000000000000000000000000000000000000000000000000000000000000000000000000000000000.000000
 46600  -867922223097221220000000000000000000000000000000000000000000000000000000000000000000000000000000000000000000000000000000000000000000000000000000000000000000000000000000000000000000000000000000000000000000000000.000000
 46700  0.000000
 46800  -867922223097221220000000000000000000000000000000000000000000000000000000000000000000000000000000000000000000000000000000000000000000000000000000000000000000000000000000000000000000000000000000000000000000000000.000000
 46900  -0.000000
 47000  -0.000000
 47100  -5604044371082357200000000000000000000000000000000000000000000000000000000000000000000000000000000000000000000000000000000000000000000000000000000000000.000000
 47200  3178348530191148300000000000000000000000000000000000000000000000000000000000000000000000000000000.000000
 47300  0.000000
 47400  -0.000000
 47500  -867922223097221220000000000000000000000000000000000000000000000000000000000000000000000000000000000000000000000000000000000000000000000000000000000000000000000000000000000000000000000000000000000000000000000000.000000
 47600  -867922223097221220000000000000000000000000000000000000000000000000000000000000000000000000000000000000000000000000000000000000000000000000000000000000000000000000000000000000000000000000000000000000000000000000.000000
 47700  -0.000000
 47800  -867922223097221220000000000000000000000000000000000000000000000000000000000000000000000000000000000000000000000000000000000000000000000000000000000000000000000000000000000000000000000000000000000000000000000000.000000
 47900  -867922223097221220000000000000000000000000000000000000000000000000000000000000000000000000000000000000000000000000000000000000000000000000000000000000000000000000000000000000000000000000000000000000000000000000.000000
 48000  0.000000
 48100  1555798688429009700000000000000000000000000000000000000000000000000000000000000000000000000000000000000000000000000000000000000000000000000000000000000000000000000000000000000000000000000000000000000000000000000000000000000000000000000000000000000000000000000000000.000000
 48200  -867922223097221220000000000000000000000000000000000000000000000000000000000000000000000000000000000000000000000000000000000000000000000000000000000000000000000000000000000000000000000000000000000000000000000000.000000
 48300  0.000000
 48400  -0.000000
 48500  -867922223097221220000000000000000000000000000000000000000000000000000000000000000000000000000000000000000000000000000000000000000000000000000000000000000000000000000000000000000000000000000000000000000000000000.000000
 48600  -867922223097221220000000000000000000000000000000000000000000000000000000000000000000000000000000000000000000000000000000000000000000000000000000000000000000000000000000000000000000000000000000000000000000000000.000000
 48700  -0.000000
 48800  0.000000
 48900  -867922223097221220000000000000000000000000000000000000000000000000000000000000000000000000000000000000000000000000000000000000000000000000000000000000000000000000000000000000000000000000000000000000000000000000.000000
 49000  -35982206469911781000000000000000000000000000000000000000000000000000000000000000000000000000.000000
 49100  -867922223097221220000000000000000000000000000000000000000000000000000000000000000000000000000000000000000000000000000000000000000000000000000000000000000000000000000000000000000000000000000000000000000000000000.000000
 49200  -867922223097221220000000000000000000000000000000000000000000000000000000000000000000000000000000000000000000000000000000000000000000000000000000000000000000000000000000000000000000000000000000000000000000000000.000000
 49300  -0.000000
 49400  -867922223097221220000000000000000000000000000000000000000000000000000000000000000000000000000000000000000000000000000000000000000000000000000000000000000000000000000000000000000000000000000000000000000000000000.000000
 49500  -0.000000
 49600  -35982206469911781000000000000000000000000000000000000000000000000000000000000000000000000000.000000
 49700  -867922223097221220000000000000000000000000000000000000000000000000000000000000000000000000000000000000000000000000000000000000000000000000000000000000000000000000000000000000000000000000000000000000000000000000.000000
 49800  -867922223097221220000000000000000000000000000000000000000000000000000000000000000000000000000000000000000000000000000000000000000000000000000000000000000000000000000000000000000000000000000000000000000000000000.000000
 49900  -867922223097221220000000000000000000000000000000000000000000000000000000000000000000000000000000000000000000000000000000000000000000000000000000000000000000000000000000000000000000000000000000000000000000000000.000000
 50000  0.000000
 50100  9711859152946058000000000000000000000000000000000000000000000000000000000000000000000000000000000000000000000000000000000000000000000000000000000000000000000000000000000000000000000000000000000000000000000.000000
 50200  -867922223097221220000000000000000000000000000000000000000000000000000000000000000000000000000000000000000000000000000000000000000000000000000000000000000000000000000000000000000000000000000000000000000000000000.000000
 50300  -35982206469911781000000000000000000000000000000000000000000000000000000000000000000000000000.000000
 50400  1555798688429009700000000000000000000000000000000000000000000000000000000000000000000000000000000000000000000000000000000000000000000000000000000000000000000000000000000000000000000000000000000000000000000000000000000000000000000000000000000000000000000000000000000.000000
 50500  -0.000000
 50600  -35982206469911781000000000000000000000000000000000000000000000000000000000000000000000000000.000000
 50700  9711859152946058000000000000000000000000000000000000000000000000000000000000000000000000000000000000000000000000000000000000000000000000000000000000000000000000000000000000000000000000000000000000000000000.000000
 50800  -35982206469911781000000000000000000000000000000000000000000000000000000000000000000000000000.000000
 50900  -0.000000
 51000  -35982206469911781000000000000000000000000000000000000000000000000000000000000000000000000000.000000
 51100  -867922223097221220000000000000000000000000000000000000000000000000000000000000000000000000000000000000000000000000000000000000000000000000000000000000000000000000000000000000000000000000000000000000000000000000.000000
 51200  -0.000000
 51300  19991590273549711000000000000000000000.000000
 51400  -867922223097221220000000000000000000000000000000000000000000000000000000000000000000000000000000000000000000000000000000000000000000000000000000000000000000000000000000000000000000000000000000000000000000000000.000000
 51500  -35982206469911781000000000000000000000000000000000000000000000000000000000000000000000000000.000000
 51600  9711859152946058000000000000000000000000000000000000000000000000000000000000000000000000000000000000000000000000000000000000000000000000000000000000000000000000000000000000000000000000000000000000000000000.000000
 51700  0.000000
 51800  -35982206469911781000000000000000000000000000000000000000000000000000000000000000000000000000.000000
 51900  -35982206469911781000000000000000000000000000000000000000000000000000000000000000000000000000.000000
 52000  -35982206469911781000000000000000000000000000000000000000000000000000000000000000000000000000.000000
 52100  -0.000000
 52200  -0.000000
 52300  -35982206469911781000000000000000000000000000000000000000000000000000000000000000000000000000.000000
 52400  -35982206469911781000000000000000000000000000000000000000000000000000000000000000000000000000.000000
 52500  -0.000000
 52600  -0.000000
 52700  -0.000000
 52800  -0.000000
 52900  19991590273549711000000000000000000000.000000
 53000  -0.000000
 53100  -0.000000
 53200  0.000000
 53300  -0.000000
 53400  -867922223097221220000000000000000000000000000000000000000000000000000000000000000000000000000000000000000000000000000000000000000000000000000000000000000000000000000000000000000000000000000000000000000000000000.000000
 53500  -35982206469911781000000000000000000000000000000000000000000000000000000000000000000000000000.000000
 53600  -867922223097221220000000000000000000000000000000000000000000000000000000000000000000000000000000000000000000000000000000000000000000000000000000000000000000000000000000000000000000000000000000000000000000000000.000000
 53700  0.000000
 53800  19991590273549711000000000000000000000.000000
 53900  -35982206469911781000000000000000000000000000000000000000000000000000000000000000000000000000.000000
 54000  0.000000
 54100  -867922223097221220000000000000000000000000000000000000000000000000000000000000000000000000000000000000000000000000000000000000000000000000000000000000000000000000000000000000000000000000000000000000000000000000.000000
 54200  -35982206469911781000000000000000000000000000000000000000000000000000000000000000000000000000.000000
 54300  -867922223097221220000000000000000000000000000000000000000000000000000000000000000000000000000000000000000000000000000000000000000000000000000000000000000000000000000000000000000000000000000000000000000000000000.000000
 54400  -35982206469911781000000000000000000000000000000000000000000000000000000000000000000000000000.000000
 54500  -35982206469911781000000000000000000000000000000000000000000000000000000000000000000000000000.000000
 54600  -0.000000
 54700  -0.000000
 54800  -0.000000
 54900  -35982206469911781000000000000000000000000000000000000000000000000000000000000000000000000000.000000
 55000  9711859152946058000000000000000000000000000000000000000000000000000000000000000000000000000000000000000000000000000000000000000000000000000000000000000000000000000000000000000000000000000000000000000000000.000000
 55100  -35982206469911781000000000000000000000000000000000000000000000000000000000000000000000000000.000000
 55200  -0.000000
 55300  -0.000000
 55400  -0.000000
 55500  -35982206469911781000000000000000000000000000000000000000000000000000000000000000000000000000.000000
 55600  9711859152946058000000000000000000000000000000000000000000000000000000000000000000000000000000000000000000000000000000000000000000000000000000000000000000000000000000000000000000000000000000000000000000000.000000
 55700  -35982206469911781000000000000000000000000000000000000000000000000000000000000000000000000000.000000
 55800  -35982206469911781000000000000000000000000000000000000000000000000000000000000000000000000000.000000
 55900  9711859152946058000000000000000000000000000000000000000000000000000000000000000000000000000000000000000000000000000000000000000000000000000000000000000000000000000000000000000000000000000000000000000000000.000000
 56000  -0.000000
 56100  -0.000000
 56200  -0.000000
 56300  9711859152946058000000000000000000000000000000000000000000000000000000000000000000000000000000000000000000000000000000000000000000000000000000000000000000000000000000000000000000000000000000000000000000000.000000
 56400  -0.000000
 56500  -35982206469911781000000000000000000000000000000000000000000000000000000000000000000000000000.000000
 56600  -0.000000
 56700  -0.000000
 56800  -35982206469911781000000000000000000000000000000000000000000000000000000000000000000000000000.000000
 56900  -0.000000
 57000  19991590273549711000000000000000000000.000000
 57100  9711859152946058000000000000000000000000000000000000000000000000000000000000000000000000000000000000000000000000000000000000000000000000000000000000000000000000000000000000000000000000000000000000000000000.000000
 57200  -0.000000
 57300  1555798688429009700000000000000000000000000000000000000000000000000000000000000000000000000000000000000000000000000000000000000000000000000000000000000000000000000000000000000000000000000000000000000000000000000000000000000000000000000000000000000000000000000000000.000000
 57400  -867922223097221220000000000000000000000000000000000000000000000000000000000000000000000000000000000000000000000000000000000000000000000000000000000000000000000000000000000000000000000000000000000000000000000000.000000
 57500  -1761758785613327500000000000000000000000000.000000
 57600  -0.000000
 57700  -0.000000
 57800  -0.000000
 57900  -0.000000
 58000  9711859152946058000000000000000000000000000000000000000000000000000000000000000000000000000000000000000000000000000000000000000000000000000000000000000000000000000000000000000000000000000000000000000000000.000000
 58100  9711859152946058000000000000000000000000000000000000000000000000000000000000000000000000000000000000000000000000000000000000000000000000000000000000000000000000000000000000000000000000000000000000000000000.000000
 58200  -0.000000
 58300  9711859152946058000000000000000000000000000000000000000000000000000000000000000000000000000000000000000000000000000000000000000000000000000000000000000000000000000000000000000000000000000000000000000000000.000000
 58400  9711859152946058000000000000000000000000000000000000000000000000000000000000000000000000000000000000000000000000000000000000000000000000000000000000000000000000000000000000000000000000000000000000000000000.000000
 58500  19991590273549711000000000000000000000.000000
 58600  9711859152946058000000000000000000000000000000000000000000000000000000000000000000000000000000000000000000000000000000000000000000000000000000000000000000000000000000000000000000000000000000000000000000000.000000
 58700  -0.000000
 58800  -0.000000
 58900  19991590273549711000000000000000000000.000000
 59000  19991590273549711000000000000000000000.000000
 59100  0.000000
 59200  19991590273549711000000000000000000000.000000
 59300  9711859152946058000000000000000000000000000000000000000000000000000000000000000000000000000000000000000000000000000000000000000000000000000000000000000000000000000000000000000000000000000000000000000000000.000000
 59400  0.000000
 59500  9711859152946058000000000000000000000000000000000000000000000000000000000000000000000000000000000000000000000000000000000000000000000000000000000000000000000000000000000000000000000000000000000000000000000.000000
 59600  -0.000000
 59700  -0.000000
 59800  -0.000000
 59900  19991590273549711000000000000000000000.000000
 60000  -35982206469911781000000000000000000000000000000000000000000000000000000000000000000000000000.000000
 60100  9711859152946058000000000000000000000000000000000000000000000000000000000000000000000000000000000000000000000000000000000000000000000000000000000000000000000000000000000000000000000000000000000000000000000.000000
 60200  9711859152946058000000000000000000000000000000000000000000000000000000000000000000000000000000000000000000000000000000000000000000000000000000000000000000000000000000000000000000000000000000000000000000000.000000
 60300  -5604044371082357200000000000000000000000000000000000000000000000000000000000000000000000000000000000000000000000000000000000000000000000000000000000000.000000
 60400  19991590273549711000000000000000000000.000000
 60500  9711859152946058000000000000000000000000000000000000000000000000000000000000000000000000000000000000000000000000000000000000000000000000000000000000000000000000000000000000000000000000000000000000000000000.000000
 60600  9711859152946058000000000000000000000000000000000000000000000000000000000000000000000000000000000000000000000000000000000000000000000000000000000000000000000000000000000000000000000000000000000000000000000.000000
 60700  19991590273549711000000000000000000000.000000
 60800  0.000000
 60900  9711859152946058000000000000000000000000000000000000000000000000000000000000000000000000000000000000000000000000000000000000000000000000000000000000000000000000000000000000000000000000000000000000000000000.000000
 61000  19991590273549711000000000000000000000.000000
 61100  19991590273549711000000000000000000000.000000
 61200  0.000000
 61300  9711859152946058000000000000000000000000000000000000000000000000000000000000000000000000000000000000000000000000000000000000000000000000000000000000000000000000000000000000000000000000000000000000000000000.000000
 61400  0.000000
 61500  19991590273549711000000000000000000000.000000
 61600  0.000000
 61700  19991590273549711000000000000000000000.000000
 61800  0.000000
 61900  19991590273549711000000000000000000000.000000
 62000  19991590273549711000000000000000000000.000000
 62100  9711859152946058000000000000000000000000000000000000000000000000000000000000000000000000000000000000000000000000000000000000000000000000000000000000000000000000000000000000000000000000000000000000000000000.000000
 62200  0.000000
 62300  -5604044371082357200000000000000000000000000000000000000000000000000000000000000000000000000000000000000000000000000000000000000000000000000000000000000.000000
 62400  0.000000
 62500  9711859152946058000000000000000000000000000000000000000000000000000000000000000000000000000000000000000000000000000000000000000000000000000000000000000000000000000000000000000000000000000000000000000000000.000000
 62600  -0.000000
 62700  -867922223097221220000000000000000000000000000000000000000000000000000000000000000000000000000000000000000000000000000000000000000000000000000000000000000000000000000000000000000000000000000000000000000000000000.000000
 62800  9711859152946058000000000000000000000000000000000000000000000000000000000000000000000000000000000000000000000000000000000000000000000000000000000000000000000000000000000000000000000000000000000000000000000.000000
 62900  19991590273549711000000000000000000000.000000
 63000  9711859152946058000000000000000000000000000000000000000000000000000000000000000000000000000000000000000000000000000000000000000000000000000000000000000000000000000000000000000000000000000000000000000000000.000000
 63100  0.000000
 63200  19991590273549711000000000000000000000.000000
 63300  19991590273549711000000000000000000000.000000
 63400  9711859152946058000000000000000000000000000000000000000000000000000000000000000000000000000000000000000000000000000000000000000000000000000000000000000000000000000000000000000000000000000000000000000000000.000000
 63500  19991590273549711000000000000000000000.000000
 63600  19991590273549711000000000000000000000.000000
 63700  -0.000000
 63800  19991590273549711000000000000000000000.000000
 63900  0.000000
 64000  0.000000
 64100  19991590273549711000000000000000000000.000000
 64200  19991590273549711000000000000000000000.000000
 64300  19991590273549711000000000000000000000.000000
 64400  -5604044371082357200000000000000000000000000000000000000000000000000000000000000000000000000000000000000000000000000000000000000000000000000000000000000.000000
 64500  -0.000000
 64600  -0.000000
 64700  1555798688429009700000000000000000000000000000000000000000000000000000000000000000000000000000000000000000000000000000000000000000000000000000000000000000000000000000000000000000000000000000000000000000000000000000000000000000000000000000000000000000000000000000000.000000
 64800  0.000000
 64900  19991590273549711000000000000000000000.000000
 65000  -0.000000
 65100  19991590273549711000000000000000000000.000000
 65200  0.000000
 65300  19991590273549711000000000000000000000.000000
 65400  0.000000
 65500  19991590273549711000000000000000000000.000000
 65600  9711859152946058000000000000000000000000000000000000000000000000000000000000000000000000000000000000000000000000000000000000000000000000000000000000000000000000000000000000000000000000000000000000000000000.000000
 65700  19991590273549711000000000000000000000.000000
 65800  3178348530191148300000000000000000000000000000000000000000000000000000000000000000000000000000000.000000
 65900  -1761758785613327500000000000000000000000000.000000
 66000  9711859152946058000000000000000000000000000000000000000000000000000000000000000000000000000000000000000000000000000000000000000000000000000000000000000000000000000000000000000000000000000000000000000000000.000000
 66100  0.000000
 66200  -0.000000
 66300  0.000000
 66400  0.000000
 66500  -7133568629555849800000000000000000000000000000000000000000000000000000000000000000000000000000000000000000000000000000000000000000000000000000000000000000000000000000000000000000000000000000000000000000000000000000000000000000000000000000000000000000000000000000000000000000000000000000000.000000
 66600  -7133568629555849800000000000000000000000000000000000000000000000000000000000000000000000000000000000000000000000000000000000000000000000000000000000000000000000000000000000000000000000000000000000000000000000000000000000000000000000000000000000000000000000000000000000000000000000000000000.000000
 66700  -0.000000
 66800  -0.000000
 66900  9711859152946058000000000000000000000000000000000000000000000000000000000000000000000000000000000000000000000000000000000000000000000000000000000000000000000000000000000000000000000000000000000000000000000.000000
 67000  -0.000000
 67100  0.000000
 67200  19991590273549711000000000000000000000.000000
 67300  -7133568629555849800000000000000000000000000000000000000000000000000000000000000000000000000000000000000000000000000000000000000000000000000000000000000000000000000000000000000000000000000000000000000000000000000000000000000000000000000000000000000000000000000000000000000000000000000000000.000000
 67400  -0.000000
 67500  -14543231234581457000000000000000000000000000000000000000000000000000000000000000000000000000000000000000000000000000000000.000000
 67600  19991590273549711000000000000000000000.000000
 67700  -7133568629555849800000000000000000000000000000000000000000000000000000000000000000000000000000000000000000000000000000000000000000000000000000000000000000000000000000000000000000000000000000000000000000000000000000000000000000000000000000000000000000000000000000000000000000000000000000000.000000
 67800  -7133568629555849800000000000000000000000000000000000000000000000000000000000000000000000000000000000000000000000000000000000000000000000000000000000000000000000000000000000000000000000000000000000000000000000000000000000000000000000000000000000000000000000000000000000000000000000000000000.000000
 67900  9711859152946058000000000000000000000000000000000000000000000000000000000000000000000000000000000000000000000000000000000000000000000000000000000000000000000000000000000000000000000000000000000000000000000.000000
 68000  -14543231234581457000000000000000000000000000000000000000000000000000000000000000000000000000000000000000000000000000000000.000000
 68100  -14543231234581457000000000000000000000000000000000000000000000000000000000000000000000000000000000000000000000000000000000.000000
 68200  9711859152946058000000000000000000000000000000000000000000000000000000000000000000000000000000000000000000000000000000000000000000000000000000000000000000000000000000000000000000000000000000000000000000000.000000
 68300  -7133568629555849800000000000000000000000000000000000000000000000000000000000000000000000000000000000000000000000000000000000000000000000000000000000000000000000000000000000000000000000000000000000000000000000000000000000000000000000000000000000000000000000000000000000000000000000000000000.000000
 68400  -14543231234581457000000000000000000000000000000000000000000000000000000000000000000000000000000000000000000000000000000000.000000
 68500  -7133568629555849800000000000000000000000000000000000000000000000000000000000000000000000000000000000000000000000000000000000000000000000000000000000000000000000000000000000000000000000000000000000000000000000000000000000000000000000000000000000000000000000000000000000000000000000000000000.000000
 68600  9711859152946058000000000000000000000000000000000000000000000000000000000000000000000000000000000000000000000000000000000000000000000000000000000000000000000000000000000000000000000000000000000000000000000.000000
 68700  -7133568629555849800000000000000000000000000000000000000000000000000000000000000000000000000000000000000000000000000000000000000000000000000000000000000000000000000000000000000000000000000000000000000000000000000000000000000000000000000000000000000000000000000000000000000000000000000000000.000000
 68800  19991590273549711000000000000000000000.000000
 68900  -14543231234581457000000000000000000000000000000000000000000000000000000000000000000000000000000000000000000000000000000000.000000
 69000  -7133568629555849800000000000000000000000000000000000000000000000000000000000000000000000000000000000000000000000000000000000000000000000000000000000000000000000000000000000000000000000000000000000000000000000000000000000000000000000000000000000000000000000000000000000000000000000000000000.000000
 69100  9711859152946058000000000000000000000000000000000000000000000000000000000000000000000000000000000000000000000000000000000000000000000000000000000000000000000000000000000000000000000000000000000000000000000.000000
 69200  9711859152946058000000000000000000000000000000000000000000000000000000000000000000000000000000000000000000000000000000000000000000000000000000000000000000000000000000000000000000000000000000000000000000000.000000
 69300  9711859152946058000000000000000000000000000000000000000000000000000000000000000000000000000000000000000000000000000000000000000000000000000000000000000000000000000000000000000000000000000000000000000000000.000000
 69400  9711859152946058000000000000000000000000000000000000000000000000000000000000000000000000000000000000000000000000000000000000000000000000000000000000000000000000000000000000000000000000000000000000000000000.000000
 69500  9711859152946058000000000000000000000000000000000000000000000000000000000000000000000000000000000000000000000000000000000000000000000000000000000000000000000000000000000000000000000000000000000000000000000.000000
 69600  -7133568629555849800000000000000000000000000000000000000000000000000000000000000000000000000000000000000000000000000000000000000000000000000000000000000000000000000000000000000000000000000000000000000000000000000000000000000000000000000000000000000000000000000000000000000000000000000000000.000000
 69700  19991590273549711000000000000000000000.000000
 69800  -7133568629555849800000000000000000000000000000000000000000000000000000000000000000000000000000000000000000000000000000000000000000000000000000000000000000000000000000000000000000000000000000000000000000000000000000000000000000000000000000000000000000000000000000000000000000000000000000000.000000
 69900  -14543231234581457000000000000000000000000000000000000000000000000000000000000000000000000000000000000000000000000000000000.000000
 70000  -0.000000
 70100  -14543231234581457000000000000000000000000000000000000000000000000000000000000000000000000000000000000000000000000000000000.000000
 70200  -7133568629555849800000000000000000000000000000000000000000000000000000000000000000000000000000000000000000000000000000000000000000000000000000000000000000000000000000000000000000000000000000000000000000000000000000000000000000000000000000000000000000000000000000000000000000000000000000000.000000
 70300  9711859152946058000000000000000000000000000000000000000000000000000000000000000000000000000000000000000000000000000000000000000000000000000000000000000000000000000000000000000000000000000000000000000000000.000000
 70400  19991590273549711000000000000000000000.000000
 70500  -14543231234581457000000000000000000000000000000000000000000000000000000000000000000000000000000000000000000000000000000000.000000
 70600  -14543231234581457000000000000000000000000000000000000000000000000000000000000000000000000000000000000000000000000000000000.000000
 70700  19991590273549711000000000000000000000.000000
 70800  9711859152946058000000000000000000000000000000000000000000000000000000000000000000000000000000000000000000000000000000000000000000000000000000000000000000000000000000000000000000000000000000000000000000000.000000
 70900  -14543231234581457000000000000000000000000000000000000000000000000000000000000000000000000000000000000000000000000000000000.000000
 71000  -14543231234581457000000000000000000000000000000000000000000000000000000000000000000000000000000000000000000000000000000000.000000
 71100  0.000000
 71200  -14543231234581457000000000000000000000000000000000000000000000000000000000000000000000000000000000000000000000000000000000.000000
 71300  -0.000000
 71400  0.000000
 71500  19991590273549711000000000000000000000.000000
 71600  0.000000
 71700  0.000000
 71800  -35982206469911781000000000000000000000000000000000000000000000000000000000000000000000000000.000000
 71900  -0.000000
 72000  -0.000000
 72100  9711859152946058000000000000000000000000000000000000000000000000000000000000000000000000000000000000000000000000000000000000000000000000000000000000000000000000000000000000000000000000000000000000000000000.000000
 72200  -14543231234581457000000000000000000000000000000000000000000000000000000000000000000000000000000000000000000000000000000000.000000
 72300  -0.000000
 72400  -14543231234581457000000000000000000000000000000000000000000000000000000000000000000000000000000000000000000000000000000000.000000
 72500  -0.000000
 72600  -7133568629555849800000000000000000000000000000000000000000000000000000000000000000000000000000000000000000000000000000000000000000000000000000000000000000000000000000000000000000000000000000000000000000000000000000000000000000000000000000000000000000000000000000000000000000000000000000000.000000
 72700  0.000000
 72800  -0.000000
 72900  -0.000000
 73000  -0.000000
 73100  0.000000
 73200  19991590273549711000000000000000000000.000000
 73300  -0.000000
 73400  19991590273549711000000000000000000000.000000
 73500  0.000000
 73600  19991590273549711000000000000000000000.000000
 73700  -14543231234581457000000000000000000000000000000000000000000000000000000000000000000000000000000000000000000000000000000000.000000
 73800  0.000000
 73900  0.000000
 74000  19991590273549711000000000000000000000.000000
 74100  19991590273549711000000000000000000000.000000
 74200  -7133568629555849800000000000000000000000000000000000000000000000000000000000000000000000000000000000000000000000000000000000000000000000000000000000000000000000000000000000000000000000000000000000000000000000000000000000000000000000000000000000000000000000000000000000000000000000000000000.000000
 74300  -0.000000
 74400  -0.000000
 74500  9711859152946058000000000000000000000000000000000000000000000000000000000000000000000000000000000000000000000000000000000000000000000000000000000000000000000000000000000000000000000000000000000000000000000.000000
 74600  -0.000000
 74700  -14543231234581457000000000000000000000000000000000000000000000000000000000000000000000000000000000000000000000000000000000.000000
 74800  0.000000
 74900  0.000000
 75000  -0.000000
 75100  -0.000000
 75200  3942650018016640600000000000000000000000000000000000000000000000000000000000000000000000000000000000000000000000000000000000000000000000000000000000000000000000000000000000000000000000000000000000000000000000000000000000000000000000000.000000
 75300  9711859152946058000000000000000000000000000000000000000000000000000000000000000000000000000000000000000000000000000000000000000000000000000000000000000000000000000000000000000000000000000000000000000000000.000000
 75400  19991590273549711000000000000000000000.000000
 75500  -0.000000
 75600  19991590273549711000000000000000000000.000000
 75700  -0.000000
 75800  3942650018016640600000000000000000000000000000000000000000000000000000000000000000000000000000000000000000000000000000000000000000000000000000000000000000000000000000000000000000000000000000000000000000000000000000000000000000000000000.000000
 75900  -14543231234581457000000000000000000000000000000000000000000000000000000000000000000000000000000000000000000000000000000000.000000
 76000  0.000000
 76100  0.000000
 76200  0.000000
 76300  19991590273549711000000000000000000000.000000
 76400  19991590273549711000000000000000000000.000000
 76500  -0.000000
 76600  -0.000000
 76700  -0.000000
 76800  -0.000000
 76900  -0.000000
 77000  -0.000000
 77100  0.000000
 77200  -0.000000
 77300  19991590273549711000000000000000000000.000000
 77400  19991590273549711000000000000000000000.000000
 77500  -0.000000
 77600  0.000000
 77700  0.000000
 77800  -0.000000
 77900  19991590273549711000000000000000000000.000000
 78000  -0.000000
 78100  0.000000
 78200  0.000000
 78300  -0.000000
 78400  19991590273549711000000000000000000000.000000
 78500  -5604044371082357200000000000000000000000000000000000000000000000000000000000000000000000000000000000000000000000000000000000000000000000000000000000000.000000
 78600  -14543231234581457000000000000000000000000000000000000000000000000000000000000000000000000000000000000000000000000000000000.000000
 78700  0.000000
 78800  -0.000000
 78900  -0.000000
 79000  -0.000000
 79100  -0.000000
 79200  0.000000
 79300  -0.000000
 79400  -0.000000
 79500  3942650018016640600000000000000000000000000000000000000000000000000000000000000000000000000000000000000000000000000000000000000000000000000000000000000000000000000000000000000000000000000000000000000000000000000000000000000000000000000.000000
 79600  3942650018016640600000000000000000000000000000000000000000000000000000000000000000000000000000000000000000000000000000000000000000000000000000000000000000000000000000000000000000000000000000000000000000000000000000000000000000000000000.000000
 79700  0.000000
 79800  0.000000
 79900  0.000000
 80000  0.000000
 80100  3942650018016640600000000000000000000000000000000000000000000000000000000000000000000000000000000000000000000000000000000000000000000000000000000000000000000000000000000000000000000000000000000000000000000000000000000000000000000000000.000000
 80200  0.000000
 80300  -5604044371082357200000000000000000000000000000000000000000000000000000000000000000000000000000000000000000000000000000000000000000000000000000000000000.000000
 80400  3942650018016640600000000000000000000000000000000000000000000000000000000000000000000000000000000000000000000000000000000000000000000000000000000000000000000000000000000000000000000000000000000000000000000000000000000000000000000000000.000000
 80500  0.000000
 80600  7980144316320624200000000000000000000000000000000000000000000000000.000000
 80700  -5604044371082357200000000000000000000000000000000000000000000000000000000000000000000000000000000000000000000000000000000000000000000000000000000000000.000000
 80800  -5604044371082357200000000000000000000000000000000000000000000000000000000000000000000000000000000000000000000000000000000000000000000000000000000000000.000000
 80900  0.000000
 81000  3942650018016640600000000000000000000000000000000000000000000000000000000000000000000000000000000000000000000000000000000000000000000000000000000000000000000000000000000000000000000000000000000000000000000000000000000000000000000000000.000000
 81100  0.000000
 81200  0.000000
 81300  3942650018016640600000000000000000000000000000000000000000000000000000000000000000000000000000000000000000000000000000000000000000000000000000000000000000000000000000000000000000000000000000000000000000000000000000000000000000000000000.000000
 81400  -5604044371082357200000000000000000000000000000000000000000000000000000000000000000000000000000000000000000000000000000000000000000000000000000000000000.000000
 81500  3942650018016640600000000000000000000000000000000000000000000000000000000000000000000000000000000000000000000000000000000000000000000000000000000000000000000000000000000000000000000000000000000000000000000000000000000000000000000000000.000000
 81600  3942650018016640600000000000000000000000000000000000000000000000000000000000000000000000000000000000000000000000000000000000000000000000000000000000000000000000000000000000000000000000000000000000000000000000000000000000000000000000000.000000
 81700  -0.000000
 81800  -5604044371082357200000000000000000000000000000000000000000000000000000000000000000000000000000000000000000000000000000000000000000000000000000000000000.000000
 81900  0.000000
 82000  3942650018016640600000000000000000000000000000000000000000000000000000000000000000000000000000000000000000000000000000000000000000000000000000000000000000000000000000000000000000000000000000000000000000000000000000000000000000000000000.000000
 82100  0.000000
 82200  -0.000000
 82300  -1761758785613327500000000000000000000000000.000000
 82400  -5604044371082357200000000000000000000000000000000000000000000000000000000000000000000000000000000000000000000000000000000000000000000000000000000000000.000000
 82500  0.000000
 82600  9711859152946058000000000000000000000000000000000000000000000000000000000000000000000000000000000000000000000000000000000000000000000000000000000000000000000000000000000000000000000000000000000000000000000.000000
 82700  0.000000
 82800  7980144316320624200000000000000000000000000000000000000000000000000.000000
 82900  0.000000
 83000  -5604044371082357200000000000000000000000000000000000000000000000000000000000000000000000000000000000000000000000000000000000000000000000000000000000000.000000
 83100  7980144316320624200000000000000000000000000000000000000000000000000.000000
 83200  0.000000
 83300  -5604044371082357200000000000000000000000000000000000000000000000000000000000000000000000000000000000000000000000000000000000000000000000000000000000000.000000
 83400  7980144316320624200000000000000000000000000000000000000000000000000.000000
 83500  0.000000
 83600  -0.000000
 83700  7980144316320624200000000000000000000000000000000000000000000000000.000000
 83800  -5604044371082357200000000000000000000000000000000000000000000000000000000000000000000000000000000000000000000000000000000000000000000000000000000000000.000000
 83900  -0.000000
 84000  0.000000
 84100  3942650018016640600000000000000000000000000000000000000000000000000000000000000000000000000000000000000000000000000000000000000000000000000000000000000000000000000000000000000000000000000000000000000000000000000000000000000000000000000.000000
 84200  7980144316320624200000000000000000000000000000000000000000000000000.000000
 84300  0.000000
 84400  -5604044371082357200000000000000000000000000000000000000000000000000000000000000000000000000000000000000000000000000000000000000000000000000000000000000.000000
 84500  0.000000
 84600  -0.000000
 84700  7980144316320624200000000000000000000000000000000000000000000000000.000000
 84800  -5604044371082357200000000000000000000000000000000000000000000000000000000000000000000000000000000000000000000000000000000000000000000000000000000000000.000000
 84900  7980144316320624200000000000000000000000000000000000000000000000000.000000
 85000  3942650018016640600000000000000000000000000000000000000000000000000000000000000000000000000000000000000000000000000000000000000000000000000000000000000000000000000000000000000000000000000000000000000000000000000000000000000000000000000.000000
 85100  -5604044371082357200000000000000000000000000000000000000000000000000000000000000000000000000000000000000000000000000000000000000000000000000000000000000.000000
 85200  7980144316320624200000000000000000000000000000000000000000000000000.000000
 85300  0.000000
 85400  -0.000000
 85500  7980144316320624200000000000000000000000000000000000000000000000000.000000
 85600  -0.000000
 85700  7980144316320624200000000000000000000000000000000000000000000000000.000000
 85800  0.000000
 85900  1555798688429009700000000000000000000000000000000000000000000000000000000000000000000000000000000000000000000000000000000000000000000000000000000000000000000000000000000000000000000000000000000000000000000000000000000000000000000000000000000000000000000000000000000.000000
 86000  1555798688429009700000000000000000000000000000000000000000000000000000000000000000000000000000000000000000000000000000000000000000000000000000000000000000000000000000000000000000000000000000000000000000000000000000000000000000000000000000000000000000000000000000000.000000
 86100  -5604044371082357200000000000000000000000000000000000000000000000000000000000000000000000000000000000000000000000000000000000000000000000000000000000000.000000
 86200  7980144316320624200000000000000000000000000000000000000000000000000.000000
 86300  -0.000000
 86400  -0.000000
 86500  7980144316320624200000000000000000000000000000000000000000000000000.000000
 86600  0.000000
 86700  -0.000000
 86800  1555798688429009700000000000000000000000000000000000000000000000000000000000000000000000000000000000000000000000000000000000000000000000000000000000000000000000000000000000000000000000000000000000000000000000000000000000000000000000000000000000000000000000000000000.000000
 86900  3942650018016640600000000000000000000000000000000000000000000000000000000000000000000000000000000000000000000000000000000000000000000000000000000000000000000000000000000000000000000000000000000000000000000000000000000000000000000000000.000000
 87000  7980144316320624200000000000000000000000000000000000000000000000000.000000
 87100  7980144316320624200000000000000000000000000000000000000000000000000.000000
 87200  -0.000000
 87300  0.000000
 87400  -0.000000
 87500  0.000000
 87600  7980144316320624200000000000000000000000000000000000000000000000000.000000
 87700  7980144316320624200000000000000000000000000000000000000000000000000.000000
 87800  -0.000000
 87900  0.000000
 88000  0.000000
 88100  0.000000
 88200  -0.000000
 88300  1555798688429009700000000000000000000000000000000000000000000000000000000000000000000000000000000000000000000000000000000000000000000000000000000000000000000000000000000000000000000000000000000000000000000000000000000000000000000000000000000000000000000000000000000.000000
 88400  0.000000
 88500  -0.000000
 88600  -0.000000
 88700  1555798688429009700000000000000000000000000000000000000000000000000000000000000000000000000000000000000000000000000000000000000000000000000000000000000000000000000000000000000000000000000000000000000000000000000000000000000000000000000000000000000000000000000000000.000000
 88800  -0.000000
 88900  -0.000000
 89000  0.000000
 89100  -2107953481604610700000000000000000000000000000000000000000000000000000000000000000000000000000000000000000000000000000000000000000000000000000000000000000000000000000000000000000000.000000
 89200  -2107953481604610700000000000000000000000000000000000000000000000000000000000000000000000000000000000000000000000000000000000000000000000000000000000000000000000000000000000000000000.000000
 89300  -0.000000
 89400  0.000000
 89500  -0.000000
 89600  -0.000000
 89700  0.000000
 89800  -0.000000
 89900  0.000000
 90000  -0.000000
 90100  -0.000000
 90200  0.000000
 90300  -0.000000
 90400  0.000000
 90500  -0.000000
 90600  1555798688429009700000000000000000000000000000000000000000000000000000000000000000000000000000000000000000000000000000000000000000000000000000000000000000000000000000000000000000000000000000000000000000000000000000000000000000000000000000000000000000000000000000000.000000
 90700  1555798688429009700000000000000000000000000000000000000000000000000000000000000000000000000000000000000000000000000000000000000000000000000000000000000000000000000000000000000000000000000000000000000000000000000000000000000000000000000000000000000000000000000000000.000000
 90800  0.000000
 90900  1555798688429009700000000000000000000000000000000000000000000000000000000000000000000000000000000000000000000000000000000000000000000000000000000000000000000000000000000000000000000000000000000000000000000000000000000000000000000000000000000000000000000000000000000.000000
 91000  0.000000
 91100  0.000000
 91200  1555798688429009700000000000000000000000000000000000000000000000000000000000000000000000000000000000000000000000000000000000000000000000000000000000000000000000000000000000000000000000000000000000000000000000000000000000000000000000000000000000000000000000000000000.000000
 91300  -0.000000
 91400  0.000000
 91500  -0.000000
 91600  -2107953481604610700000000000000000000000000000000000000000000000000000000000000000000000000000000000000000000000000000000000000000000000000000000000000000000000000000000000000000000.000000
 91700  0.000000
 91800  -0.000000
 91900  1555798688429009700000000000000000000000000000000000000000000000000000000000000000000000000000000000000000000000000000000000000000000000000000000000000000000000000000000000000000000000000000000000000000000000000000000000000000000000000000000000000000000000000000000.000000
 92000  3178348530191148300000000000000000000000000000000000000000000000000000000000000000000000000000000.000000
 92100  1555798688429009700000000000000000000000000000000000000000000000000000000000000000000000000000000000000000000000000000000000000000000000000000000000000000000000000000000000000000000000000000000000000000000000000000000000000000000000000000000000000000000000000000000.000000
 92200  1555798688429009700000000000000000000000000000000000000000000000000000000000000000000000000000000000000000000000000000000000000000000000000000000000000000000000000000000000000000000000000000000000000000000000000000000000000000000000000000000000000000000000000000000.000000
 92300  -0.000000
 92400  1555798688429009700000000000000000000000000000000000000000000000000000000000000000000000000000000000000000000000000000000000000000000000000000000000000000000000000000000000000000000000000000000000000000000000000000000000000000000000000000000000000000000000000000000.000000
 92500  0.000000
 92600  -2107953481604610700000000000000000000000000000000000000000000000000000000000000000000000000000000000000000000000000000000000000000000000000000000000000000000000000000000000000000000.000000
 92700  -2107953481604610700000000000000000000000000000000000000000000000000000000000000000000000000000000000000000000000000000000000000000000000000000000000000000000000000000000000000000000.000000
 92800  -0.000000
 92900  1555798688429009700000000000000000000000000000000000000000000000000000000000000000000000000000000000000000000000000000000000000000000000000000000000000000000000000000000000000000000000000000000000000000000000000000000000000000000000000000000000000000000000000000000.000000
 93000  1555798688429009700000000000000000000000000000000000000000000000000000000000000000000000000000000000000000000000000000000000000000000000000000000000000000000000000000000000000000000000000000000000000000000000000000000000000000000000000000000000000000000000000000000.000000
 93100  0.000000
 93200  0.000000
 93300  1555798688429009700000000000000000000000000000000000000000000000000000000000000000000000000000000000000000000000000000000000000000000000000000000000000000000000000000000000000000000000000000000000000000000000000000000000000000000000000000000000000000000000000000000.000000
 93400  0.000000
 93500  -0.000000
 93600  -0.000000
 93700  3178348530191148300000000000000000000000000000000000000000000000000000000000000000000000000000000.000000
 93800  1555798688429009700000000000000000000000000000000000000000000000000000000000000000000000000000000000000000000000000000000000000000000000000000000000000000000000000000000000000000000000000000000000000000000000000000000000000000000000000000000000000000000000000000000.000000
 93900  3178348530191148300000000000000000000000000000000000000000000000000000000000000000000000000000000.000000
 94000  3178348530191148300000000000000000000000000000000000000000000000000000000000000000000000000000000.000000
 94100  3178348530191148300000000000000000000000000000000000000000000000000000000000000000000000000000000.000000
 94200  -4310085664768.000000
 94300  3178348530191148300000000000000000000000000000000000000000000000000000000000000000000000000000000.000000
 94400  -2107953481604610700000000000000000000000000000000000000000000000000000000000000000000000000000000000000000000000000000000000000000000000000000000000000000000000000000000000000000000.000000
 94500  -2107953481604610700000000000000000000000000000000000000000000000000000000000000000000000000000000000000000000000000000000000000000000000000000000000000000000000000000000000000000000.000000
 94600  1555798688429009700000000000000000000000000000000000000000000000000000000000000000000000000000000000000000000000000000000000000000000000000000000000000000000000000000000000000000000000000000000000000000000000000000000000000000000000000000000000000000000000000000000.000000
 94700  -2107953481604610700000000000000000000000000000000000000000000000000000000000000000000000000000000000000000000000000000000000000000000000000000000000000000000000000000000000000000000.000000
 94800  0.000000
 94900  3178348530191148300000000000000000000000000000000000000000000000000000000000000000000000000000000.000000
 95000  3178348530191148300000000000000000000000000000000000000000000000000000000000000000000000000000000.000000
 95100  0.000000
 95200  -2107953481604610700000000000000000000000000000000000000000000000000000000000000000000000000000000000000000000000000000000000000000000000000000000000000000000000000000000000000000000.000000
 95300  -4310085664768.000000
 95400  -2107953481604610700000000000000000000000000000000000000000000000000000000000000000000000000000000000000000000000000000000000000000000000000000000000000000000000000000000000000000000.000000
 95500  1555798688429009700000000000000000000000000000000000000000000000000000000000000000000000000000000000000000000000000000000000000000000000000000000000000000000000000000000000000000000000000000000000000000000000000000000000000000000000000000000000000000000000000000000.000000
 95600  -2107953481604610700000000000000000000000000000000000000000000000000000000000000000000000000000000000000000000000000000000000000000000000000000000000000000000000000000000000000000000.000000
 95700  590129926288829790000000000000000000000000000000000000000000000000000000000000000000000000000000000000000000000000000000000000000000000000000000000000000000000000000000000000000000000000000000000000000000000000000000000000000000000000000000000000000000000000000000000000000000000000000000000000.000000
 95800  3178348530191148300000000000000000000000000000000000000000000000000000000000000000000000000000000.000000
 95900  0.000000
 96000  -867922223097221220000000000000000000000000000000000000000000000000000000000000000000000000000000000000000000000000000000000000000000000000000000000000000000000000000000000000000000000000000000000000000000000000.000000
 96100  0.000000
 96200  0.000000
 96300  590129926288829790000000000000000000000000000000000000000000000000000000000000000000000000000000000000000000000000000000000000000000000000000000000000000000000000000000000000000000000000000000000000000000000000000000000000000000000000000000000000000000000000000000000000000000000000000000000000.000000
 96400  0.000000
 96500  1555798688429009700000000000000000000000000000000000000000000000000000000000000000000000000000000000000000000000000000000000000000000000000000000000000000000000000000000000000000000000000000000000000000000000000000000000000000000000000000000000000000000000000000000.000000
 96600  -4310085664768.000000
 96700  -4310085664768.000000
 96800  3178348530191148300000000000000000000000000000000000000000000000000000000000000000000000000000000.000000
 96900  -0.000000
 97000  -4310085664768.000000
 97100  -0.000000
 97200  -4310085664768.000000
 97300  -4310085664768.000000
 97400  -2107953481604610700000000000000000000000000000000000000000000000000000000000000000000000000000000000000000000000000000000000000000000000000000000000000000000000000000000000000000000.000000
 97500  0.000000
 97600  3178348530191148300000000000000000000000000000000000000000000000000000000000000000000000000000000.000000
 97700  0.000000
 97800  -4310085664768.000000
 97900  0.000000
 98000  0.000000
 98100  3178348530191148300000000000000000000000000000000000000000000000000000000000000000000000000000000.000000
 98200  -2107953481604610700000000000000000000000000000000000000000000000000000000000000000000000000000000000000000000000000000000000000000000000000000000000000000000000000000000000000000000.000000
 98300  -2107953481604610700000000000000000000000000000000000000000000000000000000000000000000000000000000000000000000000000000000000000000000000000000000000000000000000000000000000000000000.000000
 98400  1555798688429009700000000000000000000000000000000000000000000000000000000000000000000000000000000000000000000000000000000000000000000000000000000000000000000000000000000000000000000000000000000000000000000000000000000000000000000000000000000000000000000000000000000.000000
 98500  7980144316320624200000000000000000000000000000000000000000000000000.000000
 98600  -0.000000
 98700  0.000000
 98800  -2107953481604610700000000000000000000000000000000000000000000000000000000000000000000000000000000000000000000000000000000000000000000000000000000000000000000000000000000000000000000.000000
 98900  0.000000
 99000  0.000000
 99100  0.000000
 99200  3178348530191148300000000000000000000000000000000000000000000000000000000000000000000000000000000.000000
 99300  0.000000
 99400  0.000000
 99500  0.000000
 99600  0.000000
 99700  3178348530191148300000000000000000000000000000000000000000000000000000000000000000000000000000000.000000
 99800  3178348530191148300000000000000000000000000000000000000000000000000000000000000000000000000000000.000000
 99900  1555798688429009700000000000000000000000000000000000000000000000000000000000000000000000000000000000000000000000000000000000000000000000000000000000000000000000000000000000000000000000000000000000000000000000000000000000000000000000000000000000000000000000000000000.000000
 100000  3178348530191148300000000000000000000000000000000000000000000000000000000000000000000000000000000.000000
